518900616847
772883544360
13437649776
367136252105
277939269127
678164380713
986669541904
128404055588
206294126079
206628527972
11741142083
841414879495
481244239044
801426762087
341795867053
596085662703
944018674074
973731556488
998831647247
845006193958
619924529248
160068650160
877753303444
392095172024
228921584475
205765430926
814326878538
230314906568
156438893342
808369341913
490464364151
384987951240
521689502596
961422426913
88809681033
135904735114
587670244227
505138882422
769065881807
822515555112
277153981343
108714979828
970369333483
784190881129
763595942284
919790830819
649546019067
210798673353
344257248835
843123938540
113657854766
174899146537
460720673359
741143884044
776213290490
662458868903
548051688269
300370396664
998314848551
26350060967
890576846985
196150505091
371483548057
235119039463
470887875539
327595896145
490666340594
162764908627
964211270946
71619823760
826334286783
382149582518
742613771981
823167568031
465466799506
452541977720
488261954742
874167798976
16752625843
760715382789
536210252546
553741114737
81497134150
884900020196
761790813540
101021733333
556095080230
753351973256
559070615627
85718590063
830529356621
334200240431
755193461574
132177335029
288104399579
702412298495
610187806412
76495853849
798627931141
330104402482
